Barabasi-Albert
32
8 0
8 1
8 2
8 3
8 4
8 5
8 6
8 7
5 9
8 9
7 9
0 9
1 9
6 9
3 9
4 9
8 10
5 10
9 10
2 10
1 10
7 10
0 10
6 10
0 11
8 11
1 11
9 11
10 11
7 11
2 11
6 11
10 12
6 12
11 12
2 12
7 12
9 12
8 12
5 12
3 13
11 13
4 13
10 13
9 13
1 13
6 13
2 13
4 14
13 14
5 14
0 14
6 14
11 14
9 14
7 14
8 15
12 15
14 15
10 15
0 15
11 15
6 15
7 15
4 16
8 16
1 16
2 16
9 16
15 16
3 16
10 16
16 17
9 17
7 17
14 17
8 17
11 17
10 17
6 17
4 18
14 18
6 18
0 18
10 18
8 18
9 18
7 18
0 19
16 19
5 19
13 19
10 19
14 19
4 19
18 19
1 20
10 20
19 20
12 20
13 20
8 20
11 20
9 20
15 21
7 21
13 21
8 21
11 21
9 21
16 21
1 21
7 22
8 22
21 22
13 22
15 22
14 22
19 22
9 22
14 23
19 23
20 23
16 23
9 23
0 23
18 23
11 23
13 24
8 24
9 24
22 24
20 24
21 24
7 24
12 24
6 25
9 25
10 25
20 25
14 25
21 25
8 25
7 25
0 26
9 26
12 26
10 26
14 26
22 26
11 26
13 26
2 27
15 27
6 27
21 27
4 27
11 27
16 27
13 27
21 28
12 28
19 28
13 28
20 28
17 28
9 28
7 28
3 29
22 29
11 29
9 29
24 29
15 29
21 29
19 29
20 30
16 30
22 30
24 30
9 30
2 30
15 30
0 30
15 31
13 31
14 31
1 31
12 31
17 31
8 31
10 31
