Erdos-Renyi
32
0 1
0 4
0 5
0 8
0 11
0 16
0 19
0 27
0 28
1 2
1 5
1 6
1 8
1 10
1 11
1 12
1 20
1 21
1 24
1 25
1 29
1 30
2 3
2 4
2 7
2 10
2 12
2 15
2 16
2 18
2 19
2 24
2 26
2 28
3 9
3 10
3 12
3 13
3 16
3 18
3 20
3 22
3 25
3 26
3 27
3 29
4 5
4 9
4 11
4 12
4 18
4 19
4 23
4 27
4 29
4 31
5 10
5 12
5 20
5 26
5 27
5 30
5 31
6 7
6 8
6 9
6 10
6 12
6 15
6 18
6 21
6 22
6 23
6 24
6 28
6 30
7 11
7 14
7 18
7 20
7 23
7 27
7 28
7 29
7 30
7 31
8 14
8 16
8 17
8 20
8 30
8 31
9 15
9 16
9 19
9 21
9 22
9 24
9 29
9 31
10 11
10 12
10 13
10 15
10 16
10 17
10 18
10 19
10 20
10 28
11 12
11 13
11 14
11 16
11 17
11 18
11 19
11 20
11 22
11 27
12 16
12 17
12 21
12 23
12 26
12 27
12 30
13 18
13 25
13 26
13 27
13 28
13 29
13 30
14 15
14 16
14 17
14 18
14 21
14 22
14 24
14 29
15 16
15 18
15 19
15 21
15 22
15 23
15 25
16 17
16 18
16 19
16 21
16 22
16 23
16 24
16 26
16 28
17 18
17 19
17 20
17 21
17 22
17 24
17 31
18 21
18 23
18 24
18 25
19 20
19 28
19 30
19 31
20 21
20 22
20 26
21 22
21 24
21 27
21 28
21 30
22 29
23 24
23 30
24 27
24 29
25 26
25 27
25 29
25 30
25 31
26 29
27 28
27 30
28 29
